0.3755197898823429
0.10216304563536224
0.0533998224127572
0.033481172981820156
0.037544114364374596
0.03228496944013221
0.016227496732343836
0.030604755177178464
0.018974730124517173
0.016849978292818625
0.018156082010219423
0.014770974689202954
0.013297808834481244
0.015001414128412514
0.011580926622462523
0.02095319534088379
0.039132960487966724
0.027519005350768566
0.020763458027927714
0.028280656951458448
0.012687522403377277
0.019692206433154006
0.011748989026025149
0.017150613225649893
0.013496578579757956
0.013928531806331275
0.024043578257326524
0.02977295968263537
0.021527849288263082
0.02691589607208946
0.021243452841273127
0.021167984359305014
0.01655240340418955
0.011141116502006877
0.019570758240165145
0.021617301726192552
0.016435334456962828
0.022825684415610423
0.021306263210135512
0.029610475383048073
0.021017870130229065
0.020182331922445552
0.01937251202947333
0.012450076686615252
0.01161000561147706
0.010044505700782545
0.025211075972368813
0.012193739881530002
0.012945268061064946
0.017347623321256833
0.016054538664320717
0.013903367037941776
0.013573910845231942
0.017070882667956703
0.014129879810008622
0.01575884863400874
0.016393652016466313
0.013782590402777052
0.014812135377393464
0.016556920279650843
0.020440041828723308
0.015155926068142766
0.022104590290175773
0.023610043414175216
0.02439638671586925
0.020561624242955902
0.016730160830113826
0.014811726524137404
0.021004614936166698
0.02043363480069357
0.019244981872775083
0.022163281701068627
0.02534530811416599
0.017671480862190947
0.012695412474634148
0.018211392003153873
0.01841184867821126
0.01850783851510972
0.011202011153066203
0.01876327564869743
0.018060319183198524
0.029267645111262522
0.020811363391906278
0.020577016559069638
0.018203034667583943
0.025340200782176744
0.025649158558570143
0.016406735731090357
0.025767747062094382
0.031142362371280218
0.021746716751791115
0.02029517954625507
0.02126080697185402
0.024297599974405868
0.026410515242539324
0.014667905276589656
0.010656880143208335
0.02278913750143891
0.02864628122320441
0.02855051524172516
0.023780907137816856
0.02451959738788322
0.017400884786514904
0.01588354000440714
0.018557529788019812
0.023577035093611896
0.017039074177691047
0.010214308861825637
0.01181909049178516
0.013629575453127141
0.025502942889116555
0.023899680784697095
0.028621760484053415
0.019101717753404624
0.014267915838486673
0.02487630728418563
0.023762857613043954
0.02412399165405077
0.017217569763571108
0.016979647358642647
0.01939055062856906
0.03192190833264745
0.017770753033718476
0.012713740991536972
0.012037070907188701
0.01701072844562904
0.0252826126478877
0.018956096295865296
0.017423005603136102
0.025286570486721095
0.02959029362616341
0.01737191477778569
0.030033154004658256
0.027564702272436327
0.014888133248446551
0.01938253844326193
0.01943977159019348
0.01859376120410161
0.024706527134019943
0.024169443802913356
0.024421678876520178
0.015277577636879869
0.020276487211297288
0.013287661263596172
0.015832776102880333
0.019933850136691366
0.018650269592895216
0.023620634959859835
0.017891931024761023
0.023272985552135982
0.018368301018860868
0.02016001538736005
0.01416810121835707
0.022214578725734926
0.01839909147251588
0.02146686671221687
0.018914310143868948
0.020210770671176513
0.02069743952498274
0.020697502340639898
0.020161016026990677
0.02473155703476302
0.024705484388422603
0.028022724302982995
0.02817606054040053
0.02732651231979782
0.012060771950266579
0.01504682313911458
0.008180714192845202
0.010167690329333047
0.016580946705785624
0.012798159562325136
0.01622758044504735
0.0115844978279876
0.01306399556415272
0.012356294028656768
0.020134148755294682
0.012207942712517583
0.011220641111900808
0.010731922670939557
0.014171736835619826
0.02115817441815373
0.01674971900270479
0.019606864386911515
0.022412964091596554
0.0293267687537247
0.02217419341600775
0.01790830866957549
0.020128904029578818
0.015806035802432398
0.016900872882946383
0.016031419724227322
0.016663818100906527
0.02609474333638156
0.020720016038632657
0.02691765428806486
0.027636887897560056
0.029794627155669415
0.02908922120017947
0.026744674621692287
0.020338753253533716
0.029419925929026
0.026346131899944423
0.02907615688970757
0.031308786225219425
0.034790710342349485
0.03271440037960102
0.028836961957329713
0.025907537235814907
0.027881593053858855
0.022888900088053724
0.01134590598898781
0.02961272126743676
0.02843810981523182
0.025367778017508415
0.018384110238747035
0.016319948857761283
0.01981392468257003
0.015531893567557827
