3.5923347066749227
5.540537080981514
6.471644997596741
7.376548680392179
7.89955461025238
8.168828097256748
8.803565632213246
8.748872117562728
9.028596639633179
9.67595187100497
9.69728444923054
10.12381602417339
9.992048978805542
10.205712047490207
10.310669736428695
11.094632463021712
8.224216417832809
8.314503572203897
9.43449959971688
9.167461557821794
9.8127685026689
10.296721480109476
11.274545387788253
11.277255643497814
11.361814683133906
11.728328878229314
11.01086974143982
10.124080441214822
10.404418349266052
10.07229232788086
10.709268840876492
11.015269463712519
10.575505180792375
11.59712663563815
11.516378966244785
11.235284501856023
12.336534868587147
12.445024772123856
12.743037527257746
11.755933263085105
10.72823772647164
11.339744697917592
11.40880321372639
12.245419437235052
12.967443021860989
13.688072031194514
12.235533551736312
13.383440375328064
13.690380421551792
13.453139153393833
12.926788481799038
13.62242929501967
14.02412829615853
14.084406592629172
14.636605230244724
14.151846311309122
14.55113952810114
14.505401914769953
14.225547823038967
13.79366159439087
14.002073515545238
13.53139113296162
13.616857886314392
12.460245956074107
13.193992549722845
13.87924523787065
13.420623746785251
14.254975232211025
13.983697511933066
14.754297148097645
14.376947728070347
14.566612221977927
14.594224973158402
13.748749949715354
13.809921102090316
13.76885170286352
14.230069171298634
14.481283567168497
15.287845774130387
16.172947200861845
14.773321303454312
14.436037410389293
13.33712578903545
13.907291769981384
14.000798052007502
12.85465914552862
12.862808661027389
13.876847928220576
13.988967689600857
13.535134293816306
13.491871151057156
13.74725219336423
14.318654840642756
14.401055606928738
14.237019614739852
13.96765568039634
14.241975350813432
14.038268186829306
13.405526627193797
12.151265772906216
12.551100936802952
13.227216568860142
13.287340370091526
13.97788428176533
14.144911354238337
14.351167039437728
13.817790269851685
14.137749769470908
14.724849885160273
14.501143390482122
13.957493803717874
13.15852865305814
13.108238458633423
13.852404995398087
14.634686101566661
14.332157124172557
13.045257405801253
12.758415460586548
12.999251354824413
13.821430520577865
13.868603532964533
14.025547992099415
13.669788046316667
14.362578218633478
14.627463698387146
14.582096804272044
13.511305559765209
13.77604266730222
14.292632276361639
13.841510891914368
13.721874583851207
13.032765984535217
12.497676849365234
12.436018477786671
12.578981692140752
13.35693067854101
13.794752381064676
13.387274622917175
13.501254948702725
13.42057314786044
13.683475190942938
13.300272670659153
13.620042020624334
13.566820339723067
14.18789517879486
14.152012033896012
14.214371811259877
14.26895226131786
13.9075946374373
13.98468868298964
14.099481636827642
14.549494483254172
14.609237660061229
14.872279123826461
14.737389542839743
14.969806118444962
14.865111947059631
14.72603341666135
14.721690546382558
14.620311227711765
14.567448821934788
14.610964504155247
14.082432161677968
13.638148936358364
13.583815325390209
14.107045542110097
13.96925344250419
14.454759435220199
14.685830842364918
15.144253546541387
15.34370243549347
14.913528485731645
15.906136252663352
15.897740244865417
16.36336029659618
16.13261278109117
15.992132024331527
15.038694143295288
15.40337061882019
15.680538361722773
15.946455348621715
15.708889397707852
15.023124413056808
14.373808318918401
14.54694460738789
14.178190892392939
14.573866161433132
14.733179417523472
14.866954055699436
15.013486883857034
14.973742008209229
15.13652981411327
15.211312380704014
15.629078149795532
15.014919898726724
14.629708831960505
14.336988199840892
13.654586531899191
13.505255980925126
13.683618469671769
13.198955795981668
12.907157030972568
12.846954800865866
12.774502472444015
13.007877945899963
12.773861668326639
12.827745199203491
12.747031461108815
13.324747226454996
13.398190780119462
13.73051311753013
14.17166891964999
13.672053933143616
13.240815281867981
13.725178371776234
13.774697076190602
13.968154625459151
14.295753739096902
14.562633362683384
