6.1662730817441584
6.14029382776331
6.0999974144829645
5.977525022294786
5.791853622153953
5.581517908308241
5.372858647946958
5.217460420396593
5.1061358275236906
5.004958876857051
4.918941956979257
4.847486637256764
4.778647793663873
4.717942767673069
4.66955582300822
4.62215898655079
4.585287888844808
4.551995948508933
4.5206034271805375
4.493342894094962
4.4667557257193105
4.443794992234972
4.424528121948242
4.401072449154324
4.383714216726798
4.362048467000325
4.3442854704680265
4.330789707325123
4.313476509518093
4.298704977388735
4.281453839054814
4.268407486103199
4.255755671748409
4.242296360157154
4.229828869854963
4.2170835777565285
4.202001306745741
4.193591559374774
4.1794575938472045
4.168120348895037
4.158548690654613
4.14643437774093
4.135627146120425
4.127451260884603
4.115722868177626
4.103671674375181
4.094577347790754
4.085652227754946
4.073967509799534
4.065042442745632
4.053493658701579
4.046506837562278
4.038774331410726
4.0263133313920765
4.017434102517587
4.010366907826176
4.0021270557686135
3.9927718815980136
3.9830957077167652
3.973990970187717
3.967611975140042
3.955766059734203
3.9474879194189003
3.940718271114208
3.931376015698468
3.9215859748699047
3.917602203510426
3.90846018437986
3.903708961274889
3.8955013310467757
3.887251474239208
3.875716544963695
3.8701016196498164
3.8620241747962103
3.858946782571298
3.851317953180384
3.8436581558651395
3.8356905160126864
3.8311070954358137
3.82364316339846
3.8175541118339256
3.806803544362386
3.8027145774276168
3.797203849863123
3.7899206479390464
3.7906927091104015
3.7828960242094816
3.7741972428781017
3.768282925641095
3.7629234525892468
3.7572503443117493
3.752504101505986
3.7479517548172563
3.744449809745506
3.7389072842068143
3.7314538690778942
3.725655229003341
3.7218039918828896
3.716638476760299
3.712221030835752
3.7067810694376626
3.7060833242204456
3.698865607932762
3.6966924402448864
3.6885780405115196
3.6841118688936585
3.681255402388396
3.677675379647149
3.6717032856411405
3.669155147340563
3.6650368284296104
3.6601269863269947
3.656385236316257
3.6534768210517035
3.6505411554265907
3.6451732759122497
3.637503288410328
3.6388495674839727
3.6332425629651106
3.6272998209352845
3.626096487045288
3.6229972574445934
3.6171159832565873
3.6163618387999357
3.6133739859969527
3.6093609774554216
3.6068699801409685
3.600689923321759
3.5983719295925565
3.595797512266371
3.595086768821434
3.5902130427183927
3.5869229899512396
3.583569288253784
3.5785381264156766
3.5768974268877947
3.5749332198390253
3.568798029864276
3.5685043511567294
3.56548042650576
3.5620565679338245
3.559189310780278
3.558191078680533
3.553752334029586
3.549356363437794
3.5478995464466236
3.543894370396932
3.5422196829760515
3.540678024291992
3.5369449191623263
3.536776004014192
3.530695915222168
3.5278646327831127
3.5249804567407677
3.5255612002478705
3.5226974487304688
3.519618758448848
3.517421086629232
3.514046209829825
3.514209164513482
3.5086247744383634
3.506494407300596
3.5054435553374113
3.5047580312799522
3.4993101049352577
3.497969962932445
3.4966045044086598
3.4925364211753562
3.490738859883061
3.4903771435772932
3.48795775130943
3.4856577714284263
3.4853405069421837
3.480994454136601
3.478780605174877
3.4746885034773083
3.475565027307581
3.470491815496374