6.162457324840404
6.132085305673105
6.089172063050447
5.973435454898411
5.757861755512379
5.536624714180276
5.343090092694318
5.187631836643925
5.077506824775979
4.9742702024954335
4.887045471756546
4.811263826158312
4.743817647298177
4.685353261453134
4.633370169886836
4.593513488769531
4.554766831574617
4.518712273350468
4.488528587200023
4.462799531442148
4.440457644285979
4.415389396526195
4.3929203174732345
4.374053178010164
4.356833669874403
4.338180965847439
4.323007477654351
4.305541709617332
4.291029435616952
4.276489240151864
4.25955111892135
4.245381249321832
4.23159881874367
4.217902289496528
4.20655792730826
4.190838619514748
4.183725674947103
4.169047673543294
4.154558605617947
4.143592392956769
4.132075009522615
4.117963402359574
4.111552203143084
4.100041212858977
4.087692825882523
4.075788029917964
4.068000572699088
4.056786254600242
4.044218248791164
4.0362256544607655
4.026970103934959
4.018126178670813
4.007401325084545
3.997212295179014
3.993718553472448
3.9832105195080794
3.9704032650700323
3.960024365672359
3.955676043475116
3.9429347780015735
3.9363500983626754
3.9271679366076433
3.9185662269592285
3.9100916032437927
3.9020032352871366
3.893515454398261
3.885996694918032
3.877628688459043
3.86968246212712
3.8640118175082736
3.8555707843215377
3.847478221963953
3.840770792078089
3.833819203906589
3.8254513387326843
3.819923930697971
3.814016068423236
3.8073784598597773
3.802501334084405
3.79123212673046
3.788656808711864
3.7784354421827526
3.7762735419803195
3.7692039719334356
3.7627162050317833
3.7569795096362077
3.751214301144635
3.747226220590097
3.73819151631108
3.733335159443043
3.728326126381203
3.7234208937044495
3.7195430155153626
3.7120366361406116
3.7069944364053233
3.702950398127238
3.698326419900965
3.692869398328993
3.6874749660491943
3.682408368145978
3.6810302116252758
3.674094977202239
3.670994264108163
3.662219206492106
3.660315328174167
3.6548238595326743
3.650664594438341
3.6483175136424877
3.6449587610032825
3.637468611752545
3.6369964281717935
3.631473046761972
3.6284858738934553
3.6238709644035056
3.6198964560473406