3.4701372252570257
3.467468985804805
3.4667891926235623
3.461982903657136
3.4599029134821007
3.4613686579245107
3.457139748114127
3.4568721276742442
3.4513057867685952
3.453742848502265
3.4511377899735063
3.4479723153290927
3.4479681650797525
3.4432877081411855
3.4434313244289823
3.440380882333826
3.441356146777118
3.4392460275579384
3.4361572089018644
3.4337614907158747
3.4328284793429904
3.430343857517949
3.428754859500461
3.4266811918329307
3.4267183674706354
3.4255405443686024
3.4243636749408863
3.4216372348644115
3.4176694728710033
3.418914794921875
3.4168526154977306
3.414622527581674
3.4131449151922157
3.4110632560871266
3.4086426628960504
3.408325672149658
3.4066846282393843
3.403727478451199
3.402307218975491
3.401045463703297
3.3996537967964455
3.3997627275961415
3.396194016491925
3.395069634472882
3.3938757048712835
3.392070010856346
3.3915749744132713
3.3892907389888056
3.3877730104658337
3.3854060614550554
3.3856672092720315
3.382657015765155
3.3813817854280823
3.3819512879406965
3.3793163387863725
3.3773777573196977
3.3788183530171714
3.3763217661115856
3.374260911235103
3.3743467066023083
3.3724396140487105
3.3700263411910445
3.367345103511104
3.3677822572213634
3.368675876546789
3.3664405081007214
3.3649461887500904
3.360548169524581
3.3616772581029823
3.360666831334432
3.3578444410253456
3.3573493074487755
3.3587090174357095
3.356210143477828
3.3548985852135553
3.352811257044474
3.350357735598529
3.3516783272778548
3.3480551596041077
3.349306963108204
3.347314949388857
3.345713562435574
3.3450075078893593
3.3431626337545888
3.3419785146360046
3.340666620819657
3.3407284595348217
3.3379552982471608
3.3369533397533275
3.3366971810658774
3.3356321299517595
3.3342371958273427
3.334611415863037
3.3296675858674227
3.3301426304711237
3.3311811376501015
3.327056743480541
3.32526366798966
3.325865736714116
3.3253376837129944
3.3263792991638184
3.3231331507364907
3.3238529364267984
3.3212658917462385
3.319929590931645
3.320026265250312
3.319230176784374
3.3175122208065457
3.316578397044429
3.3149552080366345
3.3137979595749467
3.3114003517009594
3.312533731813784
3.310309127525047
3.3087971298782914
3.3078244968696877
3.3091669524157488
3.306663257104379
3.30568438106113
3.303000670892221
3.3043595331686513
3.29994237864459
3.300960999948007
3.301156520843506
3.2988925686588995
3.2992868070249206
3.2970898151397705
3.295918932667485
3.29476746806392
3.2951783427485712
3.293649108321578
3.294493631080345
3.2941248416900635
3.291805770662096
3.2903500574606435
3.2913347791742393
3.289021023997554
3.2867573190618447
3.2880557819649026
3.285409830234669
3.286488135655721
3.2845624376226357
3.2838382632644088
3.283596471503929
3.2836759090423584
3.281417864340323
3.28194820439374
3.279513155972516
3.2775811707531965
3.2775360919811107
3.27726149559021
3.2761726114484997
3.2743355609752514
3.2738543174884938
3.272836791144477
3.2719983789655895
3.271196056295324
3.271175887849596
3.270683456350256
3.2702229376192444
3.271062586042616
3.268144033573292
3.2674591364683927
3.266992286399559
3.264382353535405
3.2673314412434897
3.266018417146471
3.262981247018885
3.261776915302983
3.2616971687034324
3.2602474336270935
3.2610087483017534
3.2622282151822692
3.261873483657837
3.256142422004982
3.25712647261443
3.25838295618693
3.256765030048512
3.253693589457759
3.2553931695443614
3.254340304268731
3.2531111505296497
3.2510265332681163
3.251724225503427
3.248944326683327
3.252423975202772
3.2487532474376537
3.2476629416147866
3.248323749612879
3.2469455930921765
3.245684358808729
3.246420489417182
3.2454208621272334
3.245660667066221
3.245284910555239
3.2422370027612755
3.242542408130787
3.2397538732599327
3.240749403282448
3.2397764612127236
3.2387541311758534
3.239937746966327
3.2371591020513466
3.2378853073826543
3.2377425829569497
3.2360772733335144
3.2355099430790655
3.2355725941834628
3.23368031890304
3.2339584474210388
3.2322131351188377
3.2314437671943947
3.2332495053609214
3.230583252730193
3.2321645860318786
3.2302924438759133
3.2298095049681486
3.2281696796417236
3.230950117111206
3.228576095015914
3.226963890923394
3.2252271087081343
3.227328971580223
3.2248749203152127
3.223557189658836
3.2245723318170616
3.221995203583329
3.2208375577573425
3.2211774013660572
3.22117633289761
3.2180738272490323
3.2214760073909052
3.220596993411029
3.2187585565778942
3.2170500225490994
3.2161023528487593
3.216896065959224
3.2197466691335044
3.21600134284408
3.216039269058793
3.2154121928744845
3.2124975345752858
3.2140124992088035
3.21256603135003
3.212835364871555
3.213691172776399
3.210426162790369
3.210069038249828
3.2114104606487133
3.21063412560357
3.2082200845082602
3.2095074035503246
3.206744503091883
3.208069651215165
3.207472968984533
3.206613408194648
3.2058723590992115
3.2061686604111284
3.2041699444806135
3.2046995516176575
3.2048173480563693
3.205639088595355
3.2014902521062782
3.2016725186948425
3.2004511797869646
3.201525237825182
3.201108031802707
3.1997211420977556
3.2000043568787753
3.1968992816077337
3.197870519426134
3.1954562928941517
3.1956095342282897
3.196212644930239
3.1958182652791343
3.1933065520392523
3.1942097169381602
3.194373713599311
3.1959402472884566
3.1936367794319436
3.1914432931829384
3.194377342859904
3.1895446600737394
3.1901965317902743
3.192536565992567
3.190022080032914
3.1923914927023427
3.1884729950516313
3.1883820251182273
3.1870671378241644
3.1888717192190663
3.186684493665342
3.188768642920035
3.186879113868431
3.1877654746726707
3.1835435231526694
3.183916612907692
3.1842436967072665
3.1835560268825955
3.1827950565903276
3.181016586444996
3.18056031509682
3.1806058707060636
3.181591192881266
3.179909450036508
3.179656161202325
3.1799348107090704
3.178462275752315
3.178334262635973
3.177711522137677
3.177797229201705
3.178062165224994
3.178718098887691
3.1744127008650036
3.1760515283655235
3.1751749250623913
3.1759086449941
3.1745726532406278
3.1729768028965704
3.174382774918168
3.1723273506870977
3.1762635001429804
3.1741574517002813
3.1734718481699624
3.17257708090323
3.171085331175062
3.1701069319689714
3.1712102713408292
3.16915515617088
3.1696586432280363
3.1678378140484846
3.1687125894758434
3.1695597613299333
3.1658091103589094
3.169527769088745
3.166008631388346
3.166602037571095
3.166002123444169
3.1641399595472546
3.168140685116803
3.1659209463331432
3.166331591429534
3.163796822230021
3.1648767171082675
3.162449978016041
3.16360166337755
3.1611202469578497
3.1622045393343323
3.1601763831244574
3.1613235473632812
3.1593757647055165
3.159330783066926
3.1617409741436995
3.1605796372448958
3.1599403663917824
3.1578771891417325
3.1583115613019026
3.1573319876635515
3.158856162318477
3.1557423450328685
3.156429158316718
3.1568506823645697
3.1543493888996266
3.154544980437667
3.154537810219659
3.1573109715073198
3.1527757821259677
3.153563525941637
3.153434894703053
3.153741050649572
3.150859656157317
3.1527804268731012
3.152457449171278
3.1499917772081165
3.1507043308681912
3.150177832002993
3.1503754986657038
3.1511105784663447
3.1477207519389965
3.1490970452626548
3.1475962356284812
3.147051943673028
3.1491966070952238
3.1472377158977367
3.1477288670010037
3.1483231297245733
3.1460294635207564
3.146034496801871
3.1436995488625987
3.1457053555382624
3.1435791739711054
3.143347943270648
3.1438530374456337
3.142495835268939
3.1423102308202675
3.142439524332682
3.1421185157917164
3.1408140659332275
3.1407112368830927
3.1401269877398454
3.1399127024191396
3.140440887875027
3.140811655256483
3.140078827186867
3.1385000899985984
3.137313895755344
3.1378078902209245
3.1378393173217773
3.135895181585241
3.1356785032484265
3.138226367809154
3.137129403926708
3.136081192228529
3.135720473748666
3.1364626001428673
3.13585603678668
3.13757026637042
3.1356110484511763
3.1340081691741943
3.1335873162304915
3.133625542676007
3.132608828721223
3.1328676806555853
3.1327254242367215
3.132002000455503
3.1282317991609925
3.1313920109360307
3.13025109856217
3.1324557375024864
3.1323439103585704
3.1298535576573125
3.1303360903704607
3.130834420522054
3.1284239380447953
3.129888146011918
3.129947785977964
3.127703392947162
3.1279499530792236
3.126565756621184
3.1281205813090005
3.1281459949634693
3.1259471398812755
3.1272472628840693
3.1263022864306413
3.128496911790636
3.12458575213397
3.1267856845149287
3.124615775214301
3.1234989077956588
3.1207422768628157
3.1233337543628834
3.120318748332836
3.1218781206342907
3.1223798592885337
3.1202180473892778
3.121026542451647
3.1214275095197888
3.1222523848215737
3.1223934403172247
3.1222913088621915
3.119808046906083
3.1224455921738237
3.120940667611581
3.122316457607128
3.1177229528073913
3.1189948011327675
3.1172930929395886
3.1181597356443054
3.1191611731493913
3.118498775694105
3.1174687102988914
3.1185259289211698
3.1173534128401013
3.1163628807774297
3.112971208713673
3.114054247185036
3.115878431885331
3.1138796982941805
3.1169163474330195
3.11513207576893
3.1141823486045555
3.115516918676871
3.112993425793118
3.1135404728077076
3.112089263068305
3.111011575769495
3.1118146313561335
3.1113718968850597
3.1117595213430898
3.1133551509292037
3.1108123549708613
3.1120022844385216
3.108779200801143
3.108304262161255
3.1108997662862143
3.1102703324070684
3.110518870530305
3.109157571086177
3.1079265188287803
3.108232118465282
3.107045782936944
3.1070794264475503
3.1085620897787587
3.1078870031568737
3.1063112682766385
3.1085985413304082
3.1054920708691633
3.1068981135333025
3.105550907276295
3.106629486437197
3.105704978660301
3.103559458697284
3.1042135291629367
3.101788697419343
3.1052488574275263
3.1039195237336337
3.1021086551524975
3.1037660528112343
3.1035928549589933
3.10371904902988
3.104702145965011
3.10465587510003
3.103153113965635
3.1044926290158874
3.101246568891737
3.1017531288994684
3.1011378941712557
3.1002400716145835
3.0996115295975297
3.101354819756967
3.099317435865049
3.0981542269388833
3.0973429591567427
3.098620750285961
3.0978251563178167
3.0985028743743896
3.0972300193927906
3.0966078263741954
3.096797978436505
3.097476632506759
3.098050038019816
3.094343247237029
3.097140356346413
3.096858183542887
3.096395006886235
3.096965233484904
3.0970497926076255
3.093814249391909
3.0959004296196833
3.0941393640306263
3.0958805878957114
3.0915420055389404
3.0944635426556624
3.092587382705123
3.0902126983360008
3.0924093811600297
3.0919298154336436
3.093433132878056
3.0918204431180603
3.0918561529230186
3.0895032617780895
3.088947163687812
3.0897174411349826
3.0887876881493463
3.091424412197537
3.0896017992938005
3.0890830004656755
3.090766783113833
3.091431706039994
3.090204503801134
3.086813803072329
3.087729983859592
3.08914366474858
3.0864648818969727
3.085657667230677
3.0879198445214167
3.08646461698744
3.085879740891633
3.085452265209622
3.0851584363866738
3.085159107490822
3.0852186150021024
3.0857511538046376
3.0856077317838317
3.0852145795468933
3.0807194974687366
3.0837666635160095
3.083293173048231
3.0845564206441245
3.0824787969942444
3.0825794802771673
3.085101569140399
3.08125909169515
3.0815866081802934
3.0810451066052473
3.0812479301735207
3.08300691180759
3.0833479740001537
3.080678039126926
3.0815793408287897
3.07976942592197
3.0805911046487315
3.079850293971874
3.08243340033072
3.079259960739701
3.0802596145206027
3.0793161303908736
3.0810094056306063
3.080617083443536
3.0802047605867737
3.0795212586720786
3.08059142254017
3.0794718265533447
3.0786940168451378
3.0790246062808566
3.0784247627964727
3.0764718144028276
3.0779444729840315
3.075802449826841
3.0776049119454845
3.077472103966607
3.0749550660451255
3.074860175450643
3.075487419410988
3.076371360708166
3.0772932635413275
3.0751125282711453
3.074619037133676
3.0727352919401945
3.0742828139552363
3.073073316503454
3.0750614713739464
3.0733488400777182
3.073520536775942
3.072433665946678
3.074346480546174
3.0718561631661876
3.0745571807578758
3.0731536459039757
3.0723981239177562
3.070262723498874
3.0696337311356157
3.0705276948434337
3.0717492721698902
3.070856323948613
3.070311767083627
3.069992038938734
3.0688392762784606
3.0685203870137534
3.0702514118618436
3.071305822443079
3.069566046750104
3.0685417122311063
3.0695329860404685
3.0681714481777616
3.0703852000059904
3.069417538466277
3.069284933584708
3.0685646533966064
3.070076995425754
3.0688412101180464
3.0651231783407704
3.067365875950566
3.0676381941194886
3.0664625697665744
3.064775661185936
3.066787596102114
3.065107266108195
3.0668479866451688
3.066902240117391
3.063340840516267
3.0679212234638356
3.0646192409374096
3.0654145611657038
3.063490355456317
3.06395924532855
3.0634527383027255
3.065071538642601
3.0643650072592274
3.062926098152443
3.061300931153474
3.0629211090229176
3.0617101810596608
3.063137072103995
3.062661983348705
3.062956368481671
3.06111306614346
3.063868831705164
3.0595842555717185
3.0596447697392217
3.063688878659849
3.062852462132772
3.0601599481370716
3.0621110421639903
3.061191452874078
3.0593832157276295
3.0600013026484736
3.0603288809458413
3.0584730307261148
3.058668754718922
3.059051169289483
3.058919253172698
3.0606305599212646
3.058184817985252
3.0599324350003845
3.060351504219903
3.0584426632633916
3.0624167301036693
3.0573818771927446
3.0572245474214905
3.0572652728469283
3.055862629855121
3.0565434915048106
3.0591209287996644
3.05710866716173
3.0578850463584617
3.055876210883812
3.0558265756677696
3.0569910120081016
3.0554598614021584
3.0587314234839544
3.0545344087812634
3.0537239445580378
3.055171330769857
3.0542359528718173
3.054201602935791
3.054127322302924
3.055355937392623
3.0546338823106556
3.054724922886601
3.0523391917899803
3.0570183948234275
3.0510792555632413
3.053312319296378
3.051774713728163
3.052828214786671
3.051108890109592
3.0527927610609265
3.0537068402325667
3.053373204337226
3.0504558704517506
3.0515822922741926
3.0490013316825584
3.0509384914680764
3.049619445094356
3.0494837760925293
3.0490987918995045
3.0507269170549183
3.0491474204593234
3.0481176641252308
3.0491596857706704
3.049460605338768
3.0484551235481545
3.0473795202043323
3.051351609053435
3.0483783704263194
3.049261031327424
3.046640493251659
3.0483370886908636
3.0473935162579573
3.05016169724641
3.046346214082506
3.0472798965595387
3.0468424691094294
3.045276412257442
3.0470532752849437
3.04500683148702
3.047182807215938
3.045622392936989
3.0470229519738092
3.046030397768374
3.0461917365038835
3.0457665655348034
3.0464600545388683
3.0469443886368364
3.045780623400653
3.046022812525431
3.043957515999123
3.0445055343486644
3.044328627762971
3.0440187365920455
3.0436048860903138
3.043981596275612
3.0436256196763782
3.0447932614220514
3.045142747737743
3.0432090759277344
3.0440873128396495
3.0429289870791965