3.615852603205928
3.6113805329358137
3.607225285636054
3.6052734233714916
3.600473660009879
3.596883764973393
3.593869023852878
3.5895751229038946
3.5859098081235534
3.582705118038036
3.5789125937002675
3.576685013594451
3.5744627051883273
3.5696164148825185
3.5651837631508156
3.5638034961841725
3.5629896146279796
3.557716961260195
3.5559108522203235
3.550323495158443
3.549887665995845
3.545185442324038
3.5412005671748408
3.5398263931274414
3.537127388848199
3.5321367669988564
3.531649209834911
3.529630148852313
3.526700876377247
3.5231613936247648
3.519047163150929
3.5165261692470975
3.5123173837308532
3.5149148923379405
3.50885957258719
3.508289831655997
3.5034366183810763
3.5033728546566434
3.498690605163574
3.496219246475785
3.4940256984145552
3.49180269241333
3.4882564897890442
3.486723440664786
3.4863211932005704
3.4816224928255433
3.4789518073753074
3.4768147556870073
3.472167827464916
3.4745896569004766
3.4702964888678656
3.4680511863143355
3.465984997925935
3.4649372454042786
3.4616685708363852
3.4581779462319835
3.457822896816112
3.4546452539938466
3.451456635086625
3.4502029418945312
3.450437722382722
3.446869205545496
3.4439889148429588
3.4432090211797646
3.4413662309999817
3.4381302021167897
3.4361309740278454
3.435325278176202
3.432504168263188
3.4319888839015253
3.432110963044343
3.427852268572207
3.427102424480297
3.42387154367235
3.4230177490799516
3.420260932710436
3.4167643829628274
3.413883889162982
3.415166386851558
3.4126011707164623
3.4108276632097034
3.4105439715915256
3.409416366506506
3.405643410152859
3.4042515931306063
3.4029656251271567
3.4025263168193676
3.4000209437476263
3.398058679368761
3.3957914069846824
3.392616148348208
3.393621144471345
3.3891469372643366
3.3889919651879206
3.3875658865328186
3.389378167964794
3.3859464769010192
3.384539798454002
3.3836484573505543
3.3799512298018843
3.3797627554999456
3.377320130666097
3.3759053636480263
3.3737819459703235
3.37496190600925
3.3717299037509494
3.3700178552556923
3.3678860576064498
3.3668516830161765
3.365868912802802
3.3653423962769686
3.3634414319638855
3.361488704328184
3.361602377008509
3.3588259573336
3.3573493604306823
3.3563910766884133
3.3538916729114674
3.352478203950105
3.3522022741812245
3.3504751170123064
3.3487865571622497
3.347984852614226
3.3466696739196777
3.344929818753843
3.3449919047179044
3.3433214823404946
3.3410368230607776
3.340006219016181
3.3368335211718523
3.337662175849632
3.3368289823885315
3.332309917167381
3.3336887889438205
3.3315629605893737
3.330505892082497
3.330407884385851
3.3272655275132923
3.32586227522956
3.3281905032970287
3.324715737943296
3.3227554338949696
3.3224463021313704
3.321542086424651
3.320693024882564
3.3185617835433394
3.318395084804959
3.3162104112130626
3.316284170857182
3.3152899035701044
3.3146257488815873
3.3116045616291188
3.3110574881235757
3.3104736186839916
3.3112879682470253
3.3082986849325673
3.307600171477706
3.305663400226169
3.3034504342962197
3.306409155880963
3.3033976643173784
3.301065868801541
3.3019861468562373
3.2993195321824818
3.298676049267804
3.297526209442704
3.2956784301333957
3.2978970209757485
3.2960585664819786
3.292203947349831
3.2965529318209046
3.2925766397405556
3.290023997977928
3.289933169329608
3.28848644539162
3.2885044857307717
3.287868782326027
3.28378657941465
3.283327747274328
3.2828138492725514
3.281194942968863
3.283587102536802
3.2804466441825584
3.279794127852828
3.2813960534554942
3.277670003749706
3.2795251828652843
3.2753266670085766
3.2747991349962025
3.2755928304460316
3.272652652528551
3.2730472087860107
3.2739217987766973
3.2718126244015164
3.269322713216146
3.2681848914534957
3.2697379235868103
3.266825517018636
3.266771705062301
3.2676287845329
3.26397587634899
3.2652009151600025
3.2626351162239358
3.2607486601229065
3.2611371764430293
3.2608267113014504
3.2596514931431524
3.2600994816532842
3.2560695012410483
3.255269589247527
3.254517572897452
3.255727600168299
3.25464779359323
3.25410959455702
3.251584529876709
3.2523975990436695
3.253201996838605
3.2500845944439924
3.248867714846576
3.2501807654345476
3.248417474605419
3.246996517534609
3.247086348357024
3.2474390224174217
3.245615455839369
3.245297325981988
3.245468183800026
3.2422113153669567
3.2398685967480696
3.241668047728362
3.2412031844810203
3.239848154562491
3.238941095493458
3.2402359467965587
3.2390067135846174
3.2374066335183604
3.237072741543805
3.2352924435227006
3.234934594896105
3.2321843659436262
3.2335640766002514
3.2326444078374794
3.2331498110735857
3.2309487925635443
3.230735690505416
3.231429656346639
3.2279729225017406
3.225365894812125
3.2284674026347973
3.2265008378911904
3.2272090558652526
3.2248381950237133
3.225323694723624
3.2235906653934054
3.2223329102551497
3.2234785556793213
3.222748623953925
3.222763670815362
3.221645876213356
3.218819812492088
3.2198207643296985
3.2185320765883834
3.218709380538375
3.2181029143156827
3.216512256198459
3.217572565431948
3.214111222161187
3.2147266334957547
3.214883733678747
3.215528620613946
3.2125505253120705
3.2124378592879683
3.211571790553905
3.209607813093397
3.211181781910084
3.2113664944966636
3.2081142443197743
3.2084510767901384
3.2096212175157337
3.208489585805822
3.2050303883022733
3.207384144818341
3.2057693004608154
3.204889588885837
3.2041104016480624
3.2027078381291143
3.2022573947906494
3.2029908498128257
3.201800266901652
3.202940437528822
3.200570495040328
3.2000743018256292
3.1980618282600686
3.199076670187491
3.197277651892768
3.197908948968958
3.1988447065706604
3.1969728999667697
3.1974890143783004
3.195035289835047
3.1959882224047624
3.1935881243811712
3.195023192299737
3.1920315866117126
3.1937181773009122
3.1913581600895635
3.1914547637656883
3.1910848264341003
3.1909028777369746
3.1898567941453724
3.1885621900911683
3.1883748725608543
3.1875359040719493
3.187517245610555
3.185584403850414
3.185922075200964
3.186054335700141
3.1863009046625206
3.184768694418448
3.1836504671308727
3.185064050886366
3.1849881719659874
3.182519824416549
3.1839053101009793
3.1800418164994984
3.182495682327836
3.1799202230241566
3.177604657632333
3.1783140588689736
3.177246473453663
3.1782381534576416
3.1763401914525917
3.1763137269903114
3.1757581675494158
3.1736734090027987
3.1773745483822293
3.1750237058710167
3.1739860552328603
3.1716734215065285
3.1734672564047353
3.1730948465841786
3.171024269527859
3.1723487553773104
3.168875296910604
3.1709876237092196
3.170692284901937
3.1705004462489375
3.168624374601576
3.168891350428263
3.168232652876112
3.1677990754445395
3.1648572904092296
3.1656720726578325
3.1651642587449818
3.1650830198217323
3.1664356037422463
3.1629839031784623
3.165040696108783
3.1636232093528465
3.1631419040538646
3.163017193476359
3.164153575897217
3.1598389237015336
3.1622598436143665
3.1592461268107095
3.1592650060300476
3.158911201688978
3.159323639339871
3.159065696928236
3.1578857987015336
3.158142098674068
3.157959364078663
3.158258349807174
3.1564620070987277
3.159042331907484
3.15671941086098
3.1563036000287092
3.1554619471232095
3.154775275124444
3.1554903101038048
3.1533493642453796
3.1530560475808604
3.151987526151869
3.151762909359402
3.1541539474769875
3.1526842647128634
3.149058642210784
3.151337332195706
3.149651615707963
3.1502898180926286
3.1504776036297835
3.1507506282241255
3.1480269167158337
3.149118458783185
3.1473755924789995
3.150339267871998
3.1492381625705295
3.147680724108661
3.1446447637346058
3.1491694715287952
3.144237430007369
3.1461132632361517
3.144067022535536
3.145300617924443
3.1458436294838235
3.1427379802421287
3.1440225353947393
3.145960869612517
3.143382045957777
3.141650844503332
3.1418382503368236
3.1431821363943593
3.140720279128463
3.1405064088326915
3.1388091246287027
3.1399445445449263
3.1390226946936712
3.138213290108575
3.1397115742718733
3.1375619570414224
3.1361521438316062
3.1376200958534524
3.1378401032200567
3.1359116854491056
3.1358194881015353
3.1353634551719383
3.136525286568536
3.1353918799647578
3.133132961061266
3.134766940717344
3.1330660890649864
3.1340168052249484
3.1331097461559154
3.1312000398282653
3.133097445523297
3.132485583976463
3.1303967193320945
3.1305767076986806
3.1291781354833534
3.1293169922298856
3.1317219380979187
3.127440920582524
3.1272584862179227
3.1279929743872747
3.1275048874042652
3.129837248060438
3.125807285308838
3.1273600348719843
3.125252944451791
3.1255210947107384
3.125373928635209
3.124741730866609
3.124595182913321
3.1243809770654747
3.126024926150287
3.124284682450471
3.123092669027823
3.123546670984339
3.123780700895521
3.1215093312440096
3.120900313059489
3.1211666266123452
3.1206534968482122
3.1213169009597213
3.1187997659047446
3.120610484370479
3.1199122181645147
3.119120165153786
3.119154206028691
3.118897941377428
3.11767370612533
3.1182839517240173
3.1184432594864457
3.118724090081674
3.1163976898899786
3.117546487737585
3.115897849754051
3.115784026958324
3.115863888352006
3.114055421617296
3.1156468126508923
3.1157873383274786
3.114947486806799
3.115516839204011
3.114748380802296
3.1129470842855946
3.1127811008029513
3.112121343612671
3.112225885744448
3.1126908549556025
3.1108719596156367
3.1142879592047796
3.1109260099905507
3.1105794023584434
3.1089348174907543
3.112330268930506
3.1110208476031267
3.110735160333139
3.1082867163198964
3.1071134496618202
3.107554135499177
3.1091093752119274
3.107879629841557
3.1094370683034263
3.106987785409998
3.105958691349736
3.10586365947017
3.105972007468895
3.10588867576034
3.1046271942279957
3.105636711473818
3.1051567130618625
3.1034609565028437
3.1032271826708757
3.1007472938961453
3.1022660820572465
3.103875230859827
3.10346578668665
3.102070861392551
3.1020680886727794
3.1017265584733753
3.0987483483773692
3.1019850660253456
3.102565306204337
3.1010930184964782
3.1003057691786022
3.098826390725595
3.1002130066906965
3.100000849476567
3.097494849452266
3.0998397403293185
3.0984736107013844
3.0973710042458995
3.0968762503729925
3.098979146392257
3.097710856684932
3.098191490879765
3.0993166941183583
3.0970846811930337
3.09746836732935
3.0974198712242975
3.097392197008486
3.0941235577618635
3.096336974038018
3.096481023011384
3.095745890228837
3.093467871348063
3.093298426380864
3.0936693173867686
3.094060050116645
3.0923178460862903
3.091097628628766
3.0908785042939364
3.0897773371802435
3.092326870671025
3.0916300173158997
3.0918077009695546
3.09280503237689
3.092849996354845
3.090430630577935
3.090107794161196
3.0914880876187927
3.0904103738290294
3.089342859056261
3.0881743519394487
3.0877605190983526
3.0874668845423945
3.0896873385817916
3.0918838801207364
3.0874688183819807
3.087661548897072
3.0874990533899376
3.086763540903727
3.0853966695291026
3.0858259289352983
3.086280699129458
3.0863066426029913
3.08577326492027
3.0859890513949924
3.0846599119680898
3.081762923134698
3.0839863883124456
3.0852393132668956
3.0853944796103017
3.082694477505154
3.083983094603927
3.083505083013464
3.0837136462882713
3.082728942235311
3.080917746932418
3.081352225056401
3.081210109922621
3.080462411597923
3.082856619799579
3.0812886467686407
3.0810540782080755
3.079178977895666
3.0799497145193593
3.0806069903903537
3.078264209959242
3.0793258437403925
3.081202189127604
3.0784788131713867
3.0772421183409513
3.0765069325764975
3.078759202250728
3.079061154966001
3.077472863373933
3.0753369949482106
3.0736055109235974
3.075810997574418
3.0760318349908897
3.074641881165681
3.076100552523578
3.076634309909962
3.074421255676835
3.0756504094159163
3.0740988077940763
3.074402279324002
3.0727073616451688
3.0739972768006503
3.0734369578184904
3.0727824370066323
3.072357742874711
3.0723438881061695
3.0736453268263073
3.073399367155852
3.0727100637223987
3.073322781810054
3.0716944623876503
3.073164780934652
3.0708191659715443
3.0691541919001826
3.070438376179448
3.0718846674318665
3.0705962534304017
3.068867771713822
3.071168228431984
3.0693685566937483
3.0698729621039496
3.0691926744249134
3.068588724842778
3.0687387872625282
3.068177964952257
3.0676490465799966